{
  "advancedEditorSelectedIdentifier" : "ShaderGraphEditorPluginID",
  "openSceneRelativePaths" : [
    "ethereum.usda",
    "Scene.usda"
  ],
  "recentIdentifiers" : {
    "17099F11-C627-4E5E-8FC8-A05053B697F6" : [

    ],
    "D66134B1-3681-4A8E-AFE5-29F257229F3B" : [

    ]
  },
  "sceneCameraHistory" : {
    "6E9B630C-20B4-4E34-80D1-59AE9663462A" : [
      {
        "date" : 732921539.098534,
        "title" : "Untitled",
        "transform" : [
          0.99999994,
          0,
          -0,
          0,
          -0,
          0.8660254,
          -0.49999994,
          0,
          0,
          0.49999994,
          0.8660254,
          0,
          0.007973831,
          0.17139286,
          0.29119837,
          1
        ]
      }
    ],
    "220DB1E6-3657-4C66-9764-60C0B1570BCA" : [
      {
        "date" : 732921493.897114,
        "title" : "Untitled",
        "transform" : [
          1,
          0,
          -0,
          0,
          -0,
          0.8660253,
          -0.5000001,
          0,
          0,
          0.5000001,
          0.8660253,
          0,
          0,
          0.24536313,
          0.42498145,
          1
        ]
      }
    ],
    "17099F11-C627-4E5E-8FC8-A05053B697F6" : [
      {
        "date" : 732922859.543815,
        "title" : "Untitled",
        "transform" : [
          1,
          0,
          -0,
          0,
          -0,
          0.8660253,
          -0.5000001,
          0,
          0,
          0.5000001,
          0.8660253,
          0,
          0.015950024,
          0.077437244,
          0.13777396,
          1
        ]
      },
      {
        "date" : 732922795.637466,
        "title" : "Untitled",
        "transform" : [
          1,
          0,
          0,
          0,
          0,
          0.8660253,
          -0.5000001,
          0,
          0,
          0.5000001,
          0.8660253,
          0,
          -0.039387256,
          0.1649925,
          0.5638943,
          1
        ]
      },
      {
        "date" : 732922432.912693,
        "title" : "Untitled",
        "transform" : [
          1,
          0,
          0,
          0,
          0,
          0.8660253,
          -0.5000001,
          0,
          0,
          0.5000001,
          0.8660253,
          0,
          -0.07231009,
          0.14055362,
          0.57800406,
          1
        ]
      },
      {
        "date" : 732922430.712295,
        "title" : "Untitled",
        "transform" : [
          1,
          0,
          0,
          0,
          0,
          0.8660253,
          -0.5000001,
          0,
          0,
          0.5000001,
          0.8660253,
          0,
          0.028477162,
          0.22038698,
          0.5319122,
          1
        ]
      },
      {
        "date" : 732922202.674146,
        "title" : "Untitled",
        "transform" : [
          1,
          0,
          0,
          0,
          0,
          0.8660253,
          -0.5000001,
          0,
          0,
          0.5000001,
          0.8660253,
          0,
          0.039792627,
          0.18958855,
          0.54969376,
          1
        ]
      },
      {
        "date" : 732921955.129285,
        "title" : "Untitled",
        "transform" : [
          1,
          0,
          0,
          0,
          0,
          0.8660253,
          -0.5000001,
          0,
          0,
          0.5000001,
          0.8660253,
          0,
          0.10003714,
          0.120024234,
          0.58985674,
          1
        ]
      },
      {
        "date" : 732921822.899404,
        "title" : "Untitled",
        "transform" : [
          1,
          0,
          0,
          0,
          0,
          0.8660253,
          -0.5000001,
          0,
          0,
          0.5000001,
          0.8660253,
          0,
          -0.15306175,
          0.11450955,
          0.5930406,
          1
        ]
      },
      {
        "date" : 732921645.885097,
        "title" : "Untitled",
        "transform" : [
          1,
          0,
          0,
          0,
          0,
          0.8660253,
          -0.5000001,
          0,
          0,
          0.5000001,
          0.8660253,
          0,
          -0.044001237,
          0.22168535,
          0.4386518,
          1
        ]
      },
      {
        "date" : 732921567.019929,
        "title" : "Untitled",
        "transform" : [
          1,
          0,
          0,
          0,
          0,
          0.8660253,
          -0.5000001,
          0,
          0,
          0.5000001,
          0.8660253,
          0,
          -0.033053957,
          0.23827618,
          0.4290731,
          1
        ]
      },
      {
        "date" : 732921537.316012,
        "title" : "Untitled",
        "transform" : [
          1,
          0,
          -0,
          0,
          -0,
          0.8660253,
          -0.5000001,
          0,
          0,
          0.5000001,
          0.8660253,
          0,
          0,
          0.24536313,
          0.42498145,
          1
        ]
      }
    ],
    "AF09ED6F-1707-48FD-8720-65B998362C09" : [
      {
        "date" : 730492152.505544,
        "title" : "Untitled",
        "transform" : [
          0.99999994,
          0,
          -0,
          0,
          -0,
          0.86601806,
          -0.5000126,
          0,
          0,
          0.5000126,
          0.86601806,
          0,
          0,
          18.903833,
          30.625065,
          1
        ]
      }
    ],
    "D66134B1-3681-4A8E-AFE5-29F257229F3B" : [
      {
        "date" : 732966434.448626,
        "title" : "Untitled",
        "transform" : [
          1,
          0,
          0,
          0,
          0,
          0.8660254,
          -0.5,
          0,
          0,
          0.5,
          0.8660254,
          0,
          -0.024473658,
          0.119197294,
          0.20472215,
          1
        ]
      },
      {
        "date" : 732922208.576058,
        "title" : "Untitled",
        "transform" : [
          1,
          0,
          0,
          0,
          0,
          0.8660254,
          -0.5,
          0,
          0,
          0.5,
          0.8660254,
          0,
          0.005213344,
          0.10794932,
          0.21121618,
          1
        ]
      },
      {
        "date" : 730492400.599215,
        "title" : "Untitled",
        "transform" : [
          1,
          0,
          -0,
          0,
          -0,
          0.8660254,
          -0.5,
          0,
          0,
          0.5,
          0.8660254,
          0,
          0.0032941103,
          0.06820899,
          0.13345933,
          1
        ]
      },
      {
        "date" : 730492248.213806,
        "title" : "Untitled",
        "transform" : [
          1,
          0,
          0,
          0,
          0,
          0.8660254,
          -0.5,
          0,
          0,
          0.5,
          0.8660254,
          0,
          0,
          0.6977914,
          1.2088095,
          1
        ]
      },
      {
        "date" : 730492242.304855,
        "title" : "Untitled",
        "transform" : [
          1,
          0,
          0,
          0,
          0,
          0.8660254,
          -0.5,
          0,
          0,
          0.5,
          0.8660254,
          0,
          0,
          0.6977914,
          1.2088095,
          1
        ]
      },
      {
        "date" : 730492238.597525,
        "title" : "Untitled",
        "transform" : [
          1,
          0,
          0,
          0,
          0,
          0.8660254,
          -0.5,
          0,
          0,
          0.5,
          0.8660254,
          0,
          0,
          1.0302911,
          1.7847168,
          1
        ]
      },
      {
        "date" : 730492235.863693,
        "title" : "Untitled",
        "transform" : [
          1,
          0,
          0,
          0,
          0,
          0.8660254,
          -0.5,
          0,
          0,
          0.5,
          0.8660254,
          0,
          0,
          1.0302911,
          1.7847168,
          1
        ]
      },
      {
        "date" : 730492152.552276,
        "title" : "Untitled",
        "transform" : [
          1,
          0,
          -0,
          0,
          -0,
          0.8660254,
          -0.5,
          0,
          0,
          0.5,
          0.8660254,
          0,
          0,
          1.341179,
          2.3231905,
          1
        ]
      }
    ]
  },
  "selectedSceneRelativePath" : "bitcoin.usda"
}